--[[LUA GUARD]]
local _shorvy = table;
local _nb6egz = _shorvy.concat;
local _t01j6o = string.char;
local _wvy647 = loadstring or load;
local _ultal0 = string;
local function _vq9vpy(s)
    return (1664525 * s + 1013904223) % 4294967296
end
local function _brs6qp(bytes, seed)
    local res = {}
    local state = seed
    for i = 1, #bytes do
        state = _vq9vpy(state)
        local key = state % 256
        local val = bytes[i]
        local p,c=1,0
        local a,b = val, key
        while a>0 and b>0 do
            local ra,rb=a%2,b%2
            if ra~=rb then c=c+p end
            a,b,p=(a-ra)/2,(b-rb)/2,p*2
        end
        if a<b then a=b end
        while a>0 do
            local ra=a%2
            if ra>0 then c=c+p end
            a,p=(a-ra)/2,p*2
        end
        
        _shorvy.insert(res, _t01j6o(c))
    end
    return _nb6egz(res)
end
local _l2346w = {240, 210, 198, 109, 3, 251, 23, 163, 64, 74, 224, 233, 245, 141, 198, 108, 97, 231, 14, 227, 197, 130, 32, 50, 144, 59, 13, 121, 128, 150, 217, 255, 62, 162, 57, 66, 109, 143, 123, 197, 116, 55, 91, 154, 24, 35, 242, 69, 193, 148, 58, 198, 53, 103, 130, 85, 60, 10, 99, 29, 164, 122, 56, 157, 144, 130, 141, 36, 140, 119, 223, 114, 211, 10, 187, 125, 167, 3, 71, 62, 104, 107, 207, 176, 220, 76, 251, 244, 130, 235, 130, 241, 69, 64, 214, 188, 246, 55, 233, 14, 60, 66, 44, 76, 39, 247, 6, 9, 29, 48, 181, 24, 141, 11, 122, 149, 243, 107, 64, 218, 228, 143, 37, 208, 178, 54, 182, 137, 80, 82, 10, 244, 159, 62, 140, 101, 148, 215, 119, 105, 103, 12, 19, 255, 235, 34, 218, 114, 83, 15, 171, 249, 16, 187, 138, 176, 23, 83, 69, 126, 170, 62, 186, 213, 172, 31, 241, 0, 243, 177, 149, 29, 148, 235, 111, 201, 77, 71, 251, 95, 165, 255, 6, 156, 190, 136, 162, 148, 101, 255, 191, 94, 17, 24, 31, 178, 2}
local _auqe0e = _brs6qp(_l2346w, 863869)
local _pjyidm = 863869
for i = 1, #_auqe0e do
    _pjyidm = (_pjyidm + string.byte(string.sub(_auqe0e, i, i))) % 4294967296
end
local _kb7bjy = {1, 135, 68, 59, 157, 188, 15, 79, 193, 241, 237, 35, 202, 161, 115, 171, 221, 67, 61, 10, 161, 204, 123, 165, 103, 180, 237, 89, 22, 71, 2, 16, 245, 170, 26, 218, 44, 28, 73, 162, 186, 92, 186, 149, 172, 70, 95, 60, 61, 248, 119, 234, 250, 174, 30, 255, 6, 232, 172, 218, 6, 192, 251, 36, 240, 8, 90, 186, 19, 178, 228, 1, 151, 242, 195, 136, 217, 36, 179, 246, 102, 90, 50, 16, 181, 73, 233, 83, 236, 78, 158, 62, 250, 17, 214, 214, 165, 167, 245, 83, 48, 94, 246, 46, 40, 80, 45, 96, 96, 193, 145, 90, 87, 56, 183, 42, 193, 151, 153, 159, 205, 179, 122, 128, 223, 151, 187, 100, 176, 72, 154, 250, 83, 114, 164, 193, 87, 121, 13, 200, 68, 78, 217, 122, 18, 219, 214, 198, 33, 60, 183, 31, 188, 5, 77, 178, 244, 180, 128, 138, 98, 102, 162, 8, 244, 218, 195, 41, 52, 221, 42, 76, 9, 136, 146, 207, 248, 42, 164, 100, 109, 99, 152, 127, 137, 80, 51, 83, 144, 81, 113, 175, 39, 196, 136, 121, 208, 48, 43, 160, 20, 61, 10, 34, 68, 164, 67, 58, 220, 129, 146, 152, 111, 226, 122, 211, 96, 170, 117, 190, 102, 183, 66, 74, 109, 27, 100, 200, 180, 153, 69, 201, 224, 153, 175, 159, 185, 109, 93, 133, 169, 249, 121, 233, 4, 98, 85, 59, 82, 104, 189, 33, 74, 6, 38, 163, 3, 175, 82, 51, 211, 176, 107, 73, 212, 253, 202, 108, 250, 171, 33, 243, 186, 77, 94, 3, 139, 191, 56, 140, 32, 133, 209, 85, 60, 125, 77, 40, 236, 229, 34, 218, 44, 28, 73, 157, 188, 87, 162, 131, 146, 1, 10, 101, 100, 171, 35, 175, 204, 174, 113, 148, 9, 239, 188, 211, 5, 148, 197, 116, 204, 69, 2, 186, 12, 252, 194, 0, 134, 164, 142, 236, 154, 97, 189, 184, 88, 15, 95, 72, 135, 94, 250, 83, 224, 2, 211, 114, 218, 55, 209, 195, 168, 166, 192, 79, 56, 85, 161, 72, 103, 17, 98, 71, 55, 247, 218, 12, 56, 56, 170, 42, 180, 136, 210, 179, 151, 238, 113, 151, 222, 220, 243, 106, 205, 91, 146, 234, 93, 60, 251, 130, 21, 34, 31, 242, 16, 78, 149, 100, 28, 213, 210, 132, 81, 3, 168, 23, 177, 9, 80, 252, 233, 169, 195, 179, 73, 97, 170, 72, 191, 210, 142, 57, 125, 128, 97, 87, 117, 196, 222, 135, 170, 109, 251, 106, 17, 34, 206, 50, 197, 45, 110, 2, 217, 29, 9, 192, 95, 201, 138, 127, 159, 30, 106, 141, 30, 55, 29, 109, 12, 234, 119, 21, 210, 148, 152, 152, 114, 140, 38, 158, 70, 207, 19, 189, 123, 231, 13, 64, 63, 39, 106, 232, 150, 190, 3, 190, 185, 208, 191, 142, 185, 20, 26, 252, 155, 234, 118, 231, 4, 98, 121, 49, 87, 36, 250, 0, 122, 29, 57, 163, 61, 129, 95, 63, 157, 188, 118, 14, 133, 154, 230, 44, 202, 176, 50, 248, 158, 93, 25, 68, 228, 155, 115, 220, 16, 169, 252, 125, 59, 122, 6, 20, 175, 164, 103, 188, 99, 93, 6, 171, 252, 30, 140, 141, 171, 10, 22, 68, 79, 185, 51, 163, 212, 255, 91, 163, 69, 213, 155, 219, 4, 154, 237, 99, 218, 0, 87, 182, 17, 237, 187, 71, 255, 218, 131, 237, 154, 101, 255, 246, 105, 17, 3, 6, 164, 12, 166, 30, 204, 78, 140, 38, 232, 58, 192, 195, 227, 166, 226, 77, 121, 94, 255, 107, 109, 4, 67, 67, 123, 193, 223, 84, 113, 56, 209, 120, 128, 161, 222, 247, 175, 148, 118, 134, 197, 145, 237, 21, 132, 18, 194, 250, 76, 60, 158, 234, 92, 125, 29, 236, 87, 33, 164, 62, 76, 148, 151, 154, 45, 76, 235, 82, 229, 84, 15, 187, 195, 192, 138, 146, 97, 109, 233, 56, 240, 223, 128, 41, 39, 223, 58, 12, 61, 176, 129, 215, 243, 43, 167, 43, 83, 105, 149, 125, 156, 32, 98, 18, 216, 62, 87, 239, 89, 196, 130, 52, 229, 57, 115, 154, 85, 109, 79, 32, 50, 225, 106, 118, 238, 129, 132, 158, 36, 193, 57, 180, 81, 201, 11, 190, 108, 250, 119, 67, 53, 60, 84, 217, 176, 144, 78, 234, 181, 205, 175, 214, 235, 81, 86, 252, 137, 241, 99, 230, 4, 98, 111, 59, 93, 52, 220, 29, 69, 27, 49, 245, 77, 213, 7, 25, 158, 240, 36, 92, 134, 190, 201, 48, 214, 169, 1, 209, 191, 16, 6, 24, 185, 192, 123, 206, 105, 192, 141, 39, 124, 61, 105, 50, 228, 252, 43, 159, 63, 122, 4, 160, 161, 16, 242, 194, 156, 10, 6, 91, 51, 158, 56, 164, 213, 162, 40, 253, 12, 198, 182, 184, 99, 216, 236, 101, 204, 68, 71, 206, 84, 164, 255, 44, 154, 168, 207, 191, 217, 77, 253, 165, 73, 25, 25, 9, 164, 2, 245, 91, 242, 8, 221, 6, 236, 44, 215, 228, 162, 176, 165, 22, 113, 58, 217, 111, 120, 21, 38, 40, 77, 193, 203, 2, 31, 119, 239, 36, 178, 165, 193, 187, 133, 253, 63, 167, 237, 157, 174, 116, 195, 6, 194, 173, 89, 44, 229, 151, 25, 48, 31, 238, 25, 116, 255, 54, 73, 136, 158, 160, 85, 9, 163, 10, 135, 15, 71, 188, 153, 251, 144, 143, 121, 97, 168, 20, 177, 129, 203, 27, 17, 217, 34, 80, 119, 138, 150, 193, 181, 104, 249, 122, 20, 32, 219, 46, 201, 32, 111, 28, 221, 24, 35, 182, 4, 162, 179, 127, 201, 40, 73, 129, 13, 126, 63, 110, 24, 231, 118, 62, 210, 148, 147, 143, 51, 248, 126, 198, 113, 128, 66, 242, 43, 145, 77, 82, 40, 58, 39, 241, 180, 133, 9, 132, 193, 149, 247, 214, 219, 75, 75, 216, 141, 244, 118, 233, 4, 36, 84, 50, 65, 37, 237, 49, 70, 24, 44, 180, 94, 200, 26, 122, 178, 243, 39, 65, 199, 163, 129, 36, 203, 171, 62, 196, 186, 122, 31, 27, 183, 213, 119, 222, 124, 208, 147, 50, 123, 33, 86, 79, 135, 220, 34, 130, 101, 126, 4, 182, 251, 100, 170, 154, 173, 55, 16, 87, 113, 189, 51, 234, 156, 172, 15, 236, 16, 229, 213, 230, 12, 204, 247, 68, 194, 80, 73, 216, 80, 191, 224, 9, 135, 191, 154, 236, 157, 71, 252, 186, 82, 10, 68, 74, 252, 12, 216, 81, 233, 79, 141, 97, 167, 50, 209, 201, 160, 154, 192, 120, 121, 78, 155, 34, 53, 66, 63, 14, 57, 151, 131, 95, 87, 76, 242, 114, 149, 142, 212, 166, 139, 148, 122, 138, 221, 183, 172, 42, 130, 26, 148, 250, 76, 60, 136, 193, 89, 127, 93, 241, 23, 34, 161, 121, 16, 234, 240, 232, 41, 93, 237, 71, 233, 64, 6, 162, 229, 180, 209, 211, 56, 33, 205, 46, 244, 196, 159, 12, 58, 200, 97, 36, 54, 138, 135, 150, 160, 120, 146, 36, 84, 97, 213, 88, 138, 110, 43, 28, 168, 70, 96, 231, 73, 205, 237, 83, 223, 47, 127, 143, 27, 51, 10, 44, 23, 225, 100, 126, 159, 173, 190, 169, 46, 222, 117, 219, 119, 130, 83, 242, 93, 177, 91, 82, 15, 39, 127, 147, 219, 246, 71, 225, 246, 145, 227, 130, 219, 81, 71, 130, 178, 246, 55, 183, 65, 5, 85, 45, 81, 33, 241, 17, 76, 90, 45, 163, 26, 192, 5, 14, 148, 228, 63, 108, 192, 228, 219, 45, 215, 230, 127, 182, 187, 74, 86, 71, 228, 197, 81, 188, 48, 148, 203, 125, 39, 58, 48, 15, 247, 237, 103, 199, 49, 105, 47, 167, 184, 2, 225, 140, 188, 19, 91, 6, 51, 225, 123, 234, 145, 160, 91, 174, 73, 160, 235, 130, 64, 190, 193, 115, 217, 92, 8, 244, 31, 140, 228, 29, 156, 164, 134, 237, 151, 36, 174, 246, 104, 60, 30, 7, 243, 2, 245, 91, 242, 8, 207, 124, 185, 97, 143, 134, 253, 228, 167, 10, 127, 75, 158, 34, 53, 64, 38, 40, 91, 209, 199, 2, 50, 118, 185, 94, 132, 180, 207, 254, 152, 224, 61, 161, 220, 150, 174, 47, 153, 74, 173, 152, 4, 104, 191, 193, 91, 62, 123, 167, 65, 48, 128, 117, 28, 212, 210, 206, 33, 81, 251, 10, 183, 21, 90, 152, 139, 225, 151, 146, 98, 102, 233, 56, 240, 223, 128, 41, 39, 223, 58, 12, 61, 167, 156, 218, 242, 42, 228, 106, 28, 44, 184, 113, 137, 111, 45, 1, 199, 82, 113, 233, 64, 250, 160, 88, 153, 101, 59, 194, 85, 99, 95, 46, 89, 181, 43, 102, 148, 242, 181, 159, 53, 216, 116, 208, 43, 244, 26, 170, 125, 151, 76, 74, 34, 58, 52, 154, 236, 220, 104, 225, 249, 159, 253, 145, 183, 66, 65, 153, 176, 202, 80, 200, 73, 126, 11, 110, 9, 96, 174, 68, 25, 88, 99, 244, 88, 221, 14, 80, 179, 233, 63, 90, 218, 254, 129, 4, 214, 170, 39, 182, 192, 24, 114, 68, 244, 129, 117, 184, 42, 142, 203, 60, 14, 123, 23, 14, 236, 229, 5, 149, 125, 88, 97, 135, 187, 67, 187, 131, 183, 7, 22, 24, 115, 189, 32, 226, 131, 217, 50, 221, 10, 242, 177, 215, 27, 150, 175, 38, 239, 93, 19, 238, 94, 178, 162, 100, 255, 188, 128, 225, 152, 104, 179, 133, 73, 25, 3, 31, 178, 12, 166, 30, 204, 78, 140, 38, 232, 58, 192, 195, 227, 166, 226, 77, 121, 94, 255, 107, 109, 4, 67, 67, 123, 193, 223, 84, 113, 56, 209, 120, 128, 161, 222, 247, 175, 147, 107, 147, 221, 129, 176, 104, 190, 1, 221, 191, 81, 33, 235, 251, 113, 121, 66, 240, 23, 42, 182, 97, 85, 136, 153, 147, 45, 76, 235, 82, 229, 80, 19, 178, 250, 164, 202, 236, 94, 124, 166, 14, 228, 207, 197, 30, 58, 195, 38, 22, 48, 139, 157, 150, 160, 120, 130, 14, 72, 97, 201, 48, 139, 101, 40, 26, 217, 26, 51, 179, 1, 136, 215, 54, 145, 108, 37, 220, 89, 112, 95, 43, 115, 215, 103, 55, 201, 141, 132, 196, 3, 205, 120, 213, 98, 210, 16, 167, 103, 176, 119, 84, 44, 38, 116, 202, 176, 142, 78, 224, 246, 137, 175, 159, 185, 21, 57, 165, 169, 249, 99, 255, 18, 98, 111, 59, 93, 52, 191, 79, 9, 86, 97, 204, 62, 156, 70, 46, 132, 239, 101, 122, 208, 232, 219, 17, 218, 165, 63, 243, 153, 24, 10, 10, 245, 158, 46, 155, 79, 179, 203, 115, 61, 97, 16, 72, 217, 237, 63, 142, 82, 83, 7, 161, 167, 3, 239, 223, 249, 39, 28, 90, 114, 170, 100, 228, 199, 254, 20, 243, 55, 199, 157, 154, 91, 129, 182, 42, 141, 29, 87, 182, 17, 233, 187, 71, 255, 131, 155, 227, 141, 113, 224, 248, 123, 23, 25, 30, 225, 17, 187, 123, 235, 85, 146, 124, 207, 59, 205, 210, 227, 143, 232, 78, 57, 29, 198, 4, 31, 28, 96, 65, 120, 200, 147, 16, 40, 118, 244, 126, 136, 163, 213, 254, 193, 165, 108, 134, 219, 155, 186, 19, 164, 64, 142, 208, 81, 60, 235, 142, 102, 115, 93, 167, 92, 42, 148, 99, 20, 130, 243, 207, 114, 24, 169, 17, 188, 72, 22, 152, 172, 250, 135, 236, 7, 74, 178, 14, 229, 211, 133, 96, 24, 223, 58, 17, 60, 166, 134, 194, 233, 55, 185, 123, 98, 96, 146, 125, 142, 58, 28, 93, 135, 90, 102, 229, 89, 128, 129, 111, 223, 63, 127, 135, 26, 62, 71, 43, 115, 164, 51, 118, 157, 148, 152, 137, 32, 192, 59, 219, 107, 212, 26, 160, 108, 176, 104, 67, 52, 104, 58, 154, 133, 153, 83, 250, 215, 159, 247, 140, 205, 65, 75, 130, 215, 184, 55, 170, 65, 32, 84, 61, 68, 44, 191, 17, 70, 6, 49, 163, 14, 156, 108, 63, 136, 188, 118, 14, 241, 241, 219, 35, 251, 165, 32, 243, 166, 118, 86, 71, 228, 177, 81, 222, 101, 192, 159, 24, 105, 52, 67, 70, 228, 238, 103, 153, 126, 78, 25, 171, 182, 68, 132, 135, 160, 68, 18, 88, 121, 248, 50, 164, 213, 233, 9, 251, 1, 203, 186, 203, 73, 137, 190, 38, 206, 71, 21, 232, 84, 191, 255, 37, 144, 169, 207, 246, 145, 97, 253, 220, 29, 88, 87, 74, 225, 12, 187, 30, 214, 84, 158, 38, 252, 39, 141, 242, 168, 176, 243, 26, 108, 92, 137, 93, 96, 19, 108, 71, 106, 215, 146, 86, 17, 119, 246, 110, 136, 162, 220, 240, 139, 238, 61, 248, 137, 212, 227, 102, 205, 72, 135, 250, 34, 104, 170, 218, 64, 99, 1, 150, 92, 60, 167, 85, 18, 212, 216, 216, 50, 76, 230, 94, 134, 15, 83, 253, 187, 167, 205, 128, 127, 103, 170, 40, 214, 254, 195, 123, 101, 156, 111, 80, 108, 209, 223, 150, 168, 104, 254, 64, 1, 44, 219, 62, 197, 32, 127, 18, 227, 20, 35, 166, 13, 136, 199, 58, 145, 43, 106, 135, 1, 120, 94, 43, 115, 164, 51, 118, 157, 216, 215, 202, 97, 200, 126, 205, 113, 210, 16, 171, 92, 157, 11, 15, 71, 104, 39, 154, 241, 220, 11, 174, 181, 250, 175, 130, 185, 4, 19, 214, 253, 184, 123, 229, 2, 45, 87, 126, 117, 44, 254, 11, 76, 6, 48, 230, 80, 200, 64, 59, 156, 249, 113, 105, 208, 228, 252, 39, 203, 178, 58, 245, 152, 16, 21, 122, 237, 141, 34, 155, 55, 147, 157, 59, 67, 52, 67, 70, 173, 168, 103, 218, 49, 80, 4, 173, 180, 92, 239, 176, 188, 20, 31, 95, 126, 185, 35, 175, 197, 223, 15, 241, 23, 225, 184, 215, 73, 137, 163, 97, 204, 69, 2, 160, 118, 185, 255, 61, 144, 162, 153, 235, 154, 97, 187, 244, 111, 29, 7, 6, 168, 79, 250, 74, 224, 68, 172, 38, 230, 38, 194, 193, 168, 234, 174, 48, 113, 92, 139, 46, 53, 80, 47, 2, 117, 203, 208, 23, 49, 56, 219, 101, 130, 173, 215, 142, 201, 161, 102, 151, 219, 212, 254, 102, 189, 4, 198, 163, 20, 110, 184, 128, 121, 127, 76, 163, 85, 20, 191, 119, 4, 221, 197, 160, 33, 76, 251, 94, 229, 64, 31, 178, 165, 251, 128, 135, 97, 40, 151, 22, 240, 197, 142, 60, 18, 197, 38, 66, 100, 196, 191, 217, 254, 57, 187, 26, 77, 109, 130, 123, 151, 58, 8, 83, 128, 64, 69, 233, 95, 235, 143, 115, 221, 56, 35, 204, 37, 60, 14, 123, 28, 246, 84, 35, 212, 218, 222, 224, 97, 140, 59, 158, 37, 128, 95, 242, 101, 187, 64, 71, 33, 104, 66, 194, 180, 159, 94, 250, 240, 179, 224, 207, 244, 69, 93, 146, 253, 165, 55, 216, 4, 60, 87, 55, 70, 33, 235, 23, 77, 39, 55, 169, 31, 137, 64, 63, 203, 203, 42, 71, 193, 214, 192, 48, 250, 172, 58, 250, 153, 16, 21, 122, 224, 143, 48, 159, 34, 133, 204, 48, 96, 46, 52, 7, 228, 252, 1, 149, 99, 127, 3, 167, 185, 84, 231, 192, 151, 1, 7, 20, 52, 226, 0, 171, 200, 248, 61, 241, 23, 195, 183, 219, 5, 208, 171, 36, 255, 109, 72, 219, 85, 177, 226, 0, 165, 177, 129, 231, 149, 87, 246, 164, 75, 17, 20, 15, 238, 105, 227, 91, 230, 85, 139, 55, 202, 59, 206, 203, 172, 166, 227, 24, 120, 118, 161, 46, 53, 80, 47, 2, 57, 132, 147, 26, 50, 123, 246, 102, 193, 160, 218, 173, 209, 134, 118, 128, 204, 144, 227, 123, 205, 88, 173, 250, 81, 60, 235, 142, 21, 48, 15, 174, 86, 39, 178, 122, 93, 251, 248, 229, 77, 40, 148, 41, 139, 64, 2, 178, 249, 186, 211, 214, 61, 56, 247, 74, 160, 182, 225, 110, 117, 144, 111, 66, 121, 196, 211, 218, 242, 59, 182, 38, 1, 106, 142, 112, 134, 116, 54, 93, 135, 20, 100, 227, 89, 230, 130, 123, 195, 57, 120, 154, 37, 60, 14, 123, 28, 246, 59, 127, 183, 216, 215, 202, 97, 140, 59, 158, 37, 128, 95, 242, 41, 184, 76, 69, 44, 36, 39, 217, 185, 157, 89, 174, 168, 208, 195, 205, 250, 69, 95, 166, 177, 249, 110, 239, 19, 98, 120, 54, 68, 50, 254, 17, 93, 17, 49, 204, 77, 200, 7, 122, 209, 188, 107, 14, 149, 176, 143, 98, 208, 162, 115, 248, 146, 76, 23, 73, 233, 141, 41, 222, 49, 136, 218, 124, 105, 102, 6, 18, 248, 250, 41, 218, 116, 82, 15, 196, 245, 16, 239, 194, 249, 68, 83, 22, 61, 248, 119, 234, 205, 227, 24, 255, 9, 160, 173, 221, 6, 192, 163, 59, 141, 75, 15, 251, 67, 230, 205, 7, 155, 180, 169, 235, 139, 119, 231, 149, 85, 17, 27, 14, 233, 14, 211, 75, 232, 65, 145, 61, 224, 48, 241, 201, 162, 188, 215, 91, 35, 8, 137, 39, 53, 31, 125, 2, 122, 204, 210, 4, 103, 94, 254, 100, 133, 138, 210, 172, 214, 180, 92, 154, 192, 152, 167, 110, 207, 32, 194, 187, 21, 62, 226, 142, 90, 98, 15, 161, 81, 37, 161, 44, 59, 209, 217, 206, 71, 5, 169, 13, 177, 35, 87, 251, 165, 240, 203, 196, 89, 103, 181, 9, 254, 158, 194, 68, 117, 144, 111, 66, 121, 196, 211, 150, 189, 120, 247, 106, 72, 106, 219, 112, 138, 116, 127, 64, 134, 91, 119, 166, 89, 192, 130, 116, 145, 46, 110, 154, 0, 34, 1, 34, 28, 234, 119, 92, 157, 216, 215, 202, 97, 140, 59, 158, 37, 128, 95, 242, 101, 187, 64, 71, 33, 104, 101, 223, 162, 136, 7, 174, 247, 149, 252, 214, 221, 77, 64, 130, 253, 165, 55, 228, 8, 32, 23, 126, 72, 33, 235, 26, 7, 28, 54, 161, 8, 226, 7, 122, 209, 188, 107, 14, 149, 176, 143, 98, 153, 228, 53, 249, 143, 24, 104, 6, 161, 156, 123, 151, 43, 192, 239, 126, 40, 109, 6, 20, 254, 178, 0, 159, 101, 108, 7, 175, 172, 85, 189, 145, 241, 77, 83, 82, 114, 210, 119, 234, 129, 172, 91, 190, 69, 160, 255, 146, 73, 148, 163, 38, 141, 8, 14, 252, 17, 172, 171, 16, 200, 240, 163, 237, 154, 101, 255, 134, 81, 25, 14, 15, 179, 12, 250, 80, 225, 0, 143, 124, 202, 60, 194, 212, 172, 171, 243, 95, 35, 92, 223, 102, 112, 30, 5, 2, 57, 132, 147, 86, 125, 56, 183, 42, 193, 236, 155, 254, 133, 224, 63, 210, 137, 212, 227, 42, 130, 11, 198, 182, 81, 116, 185, 222, 21, 45, 15, 178, 23, 7, 187, 119, 15, 217, 212, 222, 100, 30, 225, 56, 172, 14, 91, 212, 160, 230, 144, 146, 78, 96, 174, 22, 245, 148, 201, 6, 32, 221, 46, 12, 54, 141, 151, 228, 242, 55, 163, 26, 64, 126, 143, 60, 204, 32, 48, 64, 201, 68, 45, 197, 69, 201, 149, 123, 210, 40, 110, 156, 79, 22, 6, 108, 29, 194, 122, 36, 206, 140, 180, 130, 40, 192, 127, 150, 39, 232, 26, 179, 109, 246, 10, 6, 34, 58, 39, 202, 255, 191, 67, 239, 231, 145, 236, 214, 252, 86, 9, 176, 180, 246, 115, 204, 8, 62, 72, 42, 102, 40, 246, 30, 77, 92, 97, 146, 2, 154, 84, 53, 211, 181, 65, 14, 149, 176, 143, 98, 153, 228, 115, 182, 221, 24, 23, 10, 161, 204, 123, 222, 101, 192, 159, 123, 47, 52, 11, 20, 253, 168, 51, 146, 116, 82, 97, 238, 245, 16, 239, 194, 249, 68, 83, 22, 61, 248, 119, 234, 129, 172, 91, 190, 69, 160, 255, 146, 73, 148, 163, 106, 194, 75, 6, 246, 17, 184, 171, 83, 213, 248, 157, 237, 150, 112, 189, 134, 82, 11, 30, 30, 168, 67, 245, 30, 168, 0, 151, 32, 249, 122, 243, 201, 190, 161, 243, 83, 62, 18, 130, 32, 88, 17, 104, 76, 112, 208, 198, 18, 56, 18, 183, 42, 193, 236, 155, 254, 133, 224, 63, 210, 137, 212, 227, 102, 205, 72, 135, 250, 81, 60, 235, 142, 21, 48, 70, 164, 25, 32, 243, 42, 93, 218, 210, 217, 117, 40, 178, 13, 177, 64, 75, 250, 172, 250, 233, 198, 45, 40, 231, 90, 177, 156, 203, 110, 117, 144, 111, 66, 121, 196, 211, 150, 189, 120, 247, 106, 1, 44, 219, 62, 197, 32, 127, 80, 140, 71, 119, 194, 68, 219, 147, 58, 140, 124, 111, 228, 85, 112, 79, 34, 89, 164, 51, 118, 157, 216, 215, 202, 97, 140, 59, 158, 37, 128, 95, 242, 41, 244, 3, 6, 109, 104, 39, 154, 179, 153, 88, 250, 181, 205, 175, 210, 147, 4, 19, 214, 253, 184, 55, 170, 65, 108, 27, 126, 5, 96, 191, 82, 9, 84, 99, 230, 77, 200, 7, 122, 209, 249, 37, 74, 191, 176, 143, 98, 153, 228, 115, 182, 221, 24, 23, 10, 161, 204, 123, 222, 101, 192, 159, 50, 105, 113, 13, 2, 135, 168, 103, 218, 49, 28, 75, 238, 245, 16, 239, 194, 249, 68, 83, 22, 61, 189, 57, 174, 171, 172, 91, 190, 69, 160, 255, 146, 73, 148, 163, 38, 141, 77, 9, 254, 59, 252, 171, 78, 213, 240, 207, 162, 217, 36, 179, 246, 29, 10, 18, 30, 180, 94, 245, 30, 231, 69, 140, 38, 131, 116, 131, 134, 237, 232, 167, 26, 113, 25, 197, 106, 31, 122, 47, 2, 57, 132, 147, 86, 125, 56, 251, 101, 130, 173, 215, 254, 195, 181, 113, 145, 221, 157, 172, 40, 205, 0, 198, 169, 37, 110, 162, 201, 82, 117, 93, 234, 77, 60, 167, 63, 119, 152, 151, 138, 33, 76, 251, 94, 229, 64, 31, 178, 233, 230, 134, 146, 120, 122, 169, 90, 229, 196, 159, 110, 52, 222, 43, 66, 45, 156, 135, 140, 251, 49, 185, 46, 9, 46, 168, 113, 136, 101, 48, 92, 140, 20, 106, 245, 13, 219, 147, 127, 208, 48, 98, 128, 18, 112, 22, 109, 12, 246, 49, 122, 157, 201, 219, 202, 53, 222, 110, 219, 44, 170, 95, 242, 41, 244, 3, 6, 109, 104, 98, 212, 181, 246, 33, 174, 181, 208, 175, 130, 185, 4, 19, 154, 178, 251, 118, 230, 65, 42, 78, 48, 70, 52, 246, 29, 71, 84, 42, 181, 57, 141, 95, 46, 190, 254, 33, 6, 218, 242, 197, 107, 179, 228, 115, 182, 221, 24, 23, 10, 161, 204, 123, 222, 101, 146, 218, 102, 60, 102, 13, 70, 226, 234, 45, 192, 88, 79, 42, 230, 247, 100, 170, 154, 173, 40, 18, 84, 120, 180, 117, 227, 129, 227, 9, 190, 10, 226, 181, 136, 32, 199, 194, 46, 143, 124, 2, 226, 69, 158, 254, 26, 129, 191, 129, 160, 208, 36, 252, 164, 29, 23, 21, 0, 251, 101, 232, 127, 173, 2, 171, 55, 241, 32, 225, 201, 181, 234, 174, 26, 62, 14, 139, 97, 119, 26, 53, 107, 106, 229, 155, 84, 14, 108, 229, 99, 143, 171, 237, 191, 201, 181, 122, 208, 128, 212, 172, 52, 205, 7, 197, 176, 75, 85, 184, 239, 29, 50, 127, 176, 86, 60, 186, 123, 20, 204, 206, 250, 115, 3, 182, 14, 177, 66, 22, 178, 166, 230, 195, 137, 111, 98, 253, 51, 226, 253, 195, 108, 24, 213, 60, 17, 56, 131, 150, 148, 180, 82, 247, 106, 1, 44, 219, 62, 197, 32, 58, 92, 141, 62, 9, 166, 13, 136, 199, 58, 145, 124, 43, 130, 26, 51, 14, 110, 89, 226, 102, 56, 222, 140, 158, 133, 47, 140, 120, 214, 96, 195, 20, 250, 102, 182, 73, 15, 71, 104, 39, 154, 241, 220, 11, 174, 181, 208, 175, 130, 185, 77, 85, 214, 179, 247, 99, 170, 8, 63, 111, 59, 93, 52, 208, 16, 67, 92, 44, 164, 7, 193, 7, 46, 153, 249, 37, 14, 199, 245, 219, 55, 203, 170, 115, 243, 147, 92, 61, 10, 161, 204, 123, 222, 101, 192, 159, 50, 105, 52, 67, 10, 226, 235, 38, 150, 49, 76, 25, 161, 165, 67, 239, 223, 249, 31, 81, 98, 120, 160, 35, 232, 141, 172, 89, 200, 4, 236, 170, 215, 75, 152, 163, 36, 224, 77, 20, 233, 80, 187, 238, 76, 217, 240, 205, 193, 152, 116, 231, 191, 82, 22, 85, 70, 225, 14, 203, 76, 234, 77, 143, 38, 171, 120, 131, 132, 140, 171, 243, 83, 62, 18, 255, 107, 109, 4, 45, 14, 57, 134, 252, 20, 55, 125, 244, 126, 181, 169, 195, 170, 135, 236, 63, 208, 251, 157, 160, 46, 185, 13, 223, 174, 83, 48, 235, 140, 113, 117, 92, 161, 75, 45, 163, 98, 20, 215, 217, 136, 124, 102, 251, 94, 229, 64, 31, 178, 233, 180, 195, 198, 45, 40, 161, 21, 227, 156, 180, 98, 117, 192, 61, 13, 41, 196, 154, 216, 189, 40, 165, 37, 81, 127, 219, 122, 138, 10, 127, 18, 201, 20, 35, 166, 13, 136, 199, 58, 145, 124, 43, 206, 85, 112, 3, 109, 26, 229, 127, 118, 206, 141, 148, 137, 36, 223, 104, 146, 37, 214, 30, 190, 41, 233, 3, 86, 46, 41, 107, 214, 249, 154, 94, 224, 246, 132, 230, 205, 247, 12, 26, 214, 175, 253, 99, 255, 19, 34, 27, 49, 71, 42, 196, 2, 91, 27, 51, 155, 77, 141, 73, 62, 216, 150, 107, 14, 149, 176, 143, 98, 153, 228, 115, 182, 221, 24, 23, 10, 161, 204, 50, 152, 101, 147, 202, 113, 42, 113, 16, 21, 173, 233, 41, 158, 49, 72, 18, 190, 176, 95, 169, 202, 175, 5, 31, 31, 61, 229, 106, 234, 131, 255, 15, 236, 12, 238, 184, 144, 73, 213, 237, 98, 141, 64, 6, 233, 101, 174, 226, 9, 146, 181, 157, 170, 143, 101, 255, 255, 29, 12, 31, 15, 175, 38, 187, 30, 165, 0, 223, 114, 169, 116, 131, 134, 237, 232, 167, 26, 113, 92, 139, 46, 53, 80, 102, 68, 57, 208, 218, 27, 56, 48, 190, 42, 204, 236, 215, 191, 214, 180, 89, 155, 219, 145, 167, 102, 211, 85, 135, 153, 62, 83, 135, 234, 122, 71, 97, 226, 77, 44, 182, 120, 119, 152, 151, 138, 33, 76, 251, 94, 229, 64, 31, 178, 233, 180, 195, 198, 45, 40, 231, 90, 177, 156, 203, 110, 117, 220, 46, 17, 45, 162, 154, 196, 248, 60, 247, 119, 1, 120, 146, 115, 128, 40, 118, 56, 201, 20, 35, 166, 13, 136, 199, 58, 145, 124, 43, 206, 85, 112, 79, 34, 89, 164, 51, 118, 157, 216, 215, 202, 45, 195, 120, 223, 105, 128, 11, 179, 123, 179, 70, 82, 109, 117, 39, 221, 180, 136, 101, 235, 244, 130, 234, 209, 237, 116, 95, 151, 164, 253, 101, 162, 72, 70, 27, 126, 5, 96, 191, 82, 9, 84, 99, 230, 77, 200, 7, 122, 209, 188, 107, 14, 149, 176, 143, 98, 153, 228, 58, 240, 221, 76, 86, 88, 230, 137, 47, 222, 49, 136, 218, 124, 67, 52, 67, 70, 173, 168, 103, 218, 49, 28, 75, 238, 245, 16, 239, 194, 249, 68, 83, 22, 61, 248, 119, 234, 129, 172, 91, 190, 69, 197, 167, 215, 10, 193, 247, 99, 238, 71, 10, 247, 80, 178, 239, 84, 179, 185, 157, 231, 170, 97, 225, 160, 88, 10, 95, 30, 160, 94, 252, 91, 241, 12, 223, 112, 235, 53, 207, 202, 162, 167, 233, 24, 120, 118, 139, 46, 53, 80, 47, 2, 57, 132, 147, 86, 125, 56, 183, 42, 193, 236, 155, 254, 133, 224, 63, 210, 137, 212, 166, 40, 137, 98, 135, 250, 81, 60, 235, 142, 21, 48, 15, 226, 25, 100, 243, 54, 93, 152, 151, 138, 33, 76, 190, 16, 161, 106, 31, 178, 233, 180, 195, 198, 45, 40, 231, 90, 177, 156, 203, 110, 117, 144, 111, 66, 121, 196, 129, 211, 233, 45, 165, 36, 43, 44, 219, 62, 197, 32, 127, 18, 201, 20, 35, 166, 13, 136, 199, 58, 145, 57, 101, 138, 127, 112, 79, 34, 89, 164, 51, 118, 157, 216, 215, 202, 97, 201, 117, 218, 15, 128, 95, 242, 41, 244, 3, 6, 109, 45, 105, 222, 219, 246, 11, 174, 181, 208, 175, 130, 185, 4, 95, 153, 190, 249, 123, 170, 7, 57, 85, 61, 81, 41, 240, 28, 9, 27, 45, 130, 8, 155, 68, 27, 149, 248, 46, 74, 157, 255, 205, 40, 144, 206, 115, 182, 221, 24, 23, 10, 161, 204, 123, 222, 101, 192, 203, 115, 58, 127, 77, 21, 253, 233, 48, 148, 57, 90, 30, 160, 182, 68, 166, 141, 183, 76, 90, 60, 61, 248, 119, 234, 129, 172, 91, 190, 69, 160, 255, 146, 73, 148, 163, 38, 217, 73, 20, 241, 31, 171, 234, 7, 129, 248, 223, 172, 201, 52, 163, 231, 20, 114, 87, 74, 225, 12, 187, 30, 165, 0, 223, 114, 169, 116, 131, 134, 237, 232, 238, 92, 113, 21, 216, 90, 112, 8, 123, 109, 123, 206, 155, 25, 63, 114, 190, 42, 149, 164, 222, 176, 175, 224, 63, 210, 137, 212, 227, 102, 205, 72, 135, 250, 81, 60, 235, 142, 21, 48, 15, 226, 25, 39, 187, 115, 30, 211, 159, 197, 99, 6, 242, 116, 229, 64, 31, 178, 233, 180, 195, 198, 45, 40, 231, 90, 177, 156, 203, 110, 48, 222, 43, 104, 121, 196, 211, 150, 189, 120, 247, 106, 1, 44, 219, 62, 197, 32, 127, 18, 143, 91, 113, 166, 114, 132, 199, 126, 212, 47, 104, 206, 28, 62, 79, 109, 27, 238, 41, 17, 216, 140, 179, 143, 50, 207, 126, 208, 97, 193, 17, 166, 122, 252, 10, 6, 41, 39, 13, 154, 241, 220, 11, 174, 181, 208, 175, 130, 185, 4, 19, 214, 253, 184, 55, 170, 65, 108, 27, 55, 67, 96, 246, 1, 125, 17, 59, 178, 34, 138, 77, 114, 149, 249, 56, 77, 156, 176, 219, 42, 220, 170, 89, 182, 221, 24, 23, 10, 161, 204, 123, 222, 101, 192, 159, 50, 105, 52, 67, 70, 173, 168, 103, 218, 49, 28, 75, 173, 189, 85, 172, 137, 241, 0, 22, 69, 126, 241, 93, 234, 129, 172, 91, 190, 69, 160, 255, 146, 73, 148, 163, 38, 141, 8, 71, 186, 17, 252, 171, 11, 155, 180, 229, 162, 217, 36, 179, 246, 29, 88, 87, 74, 225, 12, 187, 30, 165, 0, 223, 55, 231, 48, 169, 134, 237, 232, 167, 26, 113, 92, 139, 46, 53, 80, 47, 71, 119, 192, 154, 124, 125, 56, 183, 42, 193, 236, 155, 254, 192, 174, 123, 248, 163, 212, 227, 102, 205, 72, 135, 250, 81, 123, 170, 195, 80, 62, 107, 167, 74, 39, 182, 120, 25, 217, 217, 222, 64, 8, 191, 27, 161, 90, 124, 253, 167, 250, 134, 133, 121, 32, 168, 20, 213, 217, 152, 45, 20, 212, 43, 7, 61, 205, 249, 188, 189, 120, 247, 106, 1, 44, 219, 62, 145, 97, 44, 89, 199, 71, 115, 231, 90, 198, 207, 124, 196, 50, 104, 154, 28, 63, 1, 42, 80, 142, 51, 118, 157, 216, 215, 202, 97, 140, 59, 158, 37, 128, 11, 179, 122, 191, 13, 81, 44, 33, 115, 146, 225, 210, 27, 190, 165, 193, 166, 168, 185, 4, 19, 214, 253, 184, 55, 170, 65, 108, 27, 126, 85, 35, 254, 30, 69, 92, 37, 179, 3, 139, 83, 51, 158, 242, 99, 7, 191, 176, 143, 98, 153, 228, 115, 182, 221, 24, 23, 10, 161, 204, 123, 222, 101, 134, 208, 96, 105, 75, 79, 70, 226, 234, 45, 218, 120, 82, 75, 158, 185, 81, 182, 135, 171, 35, 6, 95, 39, 159, 50, 190, 229, 233, 8, 253, 0, 238, 187, 211, 7, 192, 240, 46, 132, 8, 3, 245, 59, 252, 171, 78, 213, 240, 207, 162, 217, 36, 179, 246, 29, 88, 87, 74, 225, 12, 187, 30, 165, 73, 153, 114, 224, 39, 247, 195, 181, 188, 200, 88, 59, 84, 196, 108, 127, 89, 47, 86, 113, 193, 221, 124, 125, 56, 183, 42, 193, 236, 155, 254, 133, 224, 63, 210, 137, 212, 227, 102, 205, 72, 135, 250, 81, 60, 235, 142, 86, 120, 74, 161, 82, 108, 188, 116, 23, 145, 189, 138, 33, 76, 251, 94, 229, 64, 31, 178, 233, 180, 195, 198, 45, 40, 231, 90, 177, 156, 203, 43, 59, 212, 69, 66, 121, 196, 211, 150, 189, 120, 247, 106, 1, 44, 219, 62, 197, 32, 127, 87, 135, 80, 9, 166, 13, 136, 199, 58, 145, 124, 43, 206, 85, 112, 79, 103, 23, 224, 58, 92, 157, 216, 215, 202, 97, 140, 59, 158, 96, 206, 27, 251, 3, 244, 3, 6, 109, 45, 107, 201, 180, 246, 11, 174, 181, 208, 175, 130, 185, 4, 96, 130, 188, 236, 98, 249, 79, 24, 94, 38, 81, 96, 162, 82, 11, 3, 49, 169, 3, 143, 7, 49, 148, 229, 107, 65, 199, 176, 199, 53, 208, 160, 113, 156, 221, 24, 23, 10, 161, 204, 123, 222, 22, 148, 222, 102, 60, 103, 77, 50, 232, 240, 51, 185, 126, 80, 4, 188, 230, 16, 242, 194, 154, 11, 31, 89, 111, 235, 121, 172, 211, 227, 22, 204, 34, 194, 247, 128, 92, 129, 175, 38, 152, 24, 75, 186, 4, 236, 162, 100, 213, 240, 207, 162, 156, 106, 247, 220, 88, 22, 19, 67}
return _wvy647(_brs6qp(_kb7bjy, _pjyidm))()
